
"LOREAL"bounds: (9,7),(125,7),(125,27),(9,27)
"!"bounds: (131,9),(133,9),(133,27),(131,27)
"欧莱雅"bounds: (139,9),(193,9),(193,24),(139,24)
"授权"bounds: (195,9),(231,9),(231,24),(195,24)
"专卖店"bounds: (234,9),(288,9),(288,24),(234,24)
"PARIS"bounds: (47,31),(81,31),(81,38),(47,38)
"正品"bounds: (303,119),(326,115),(328,128),(305,132)
"突"bounds: (328,117),(339,115),(341,125),(330,127)
"L'OREAL"bounds: (292,144),(361,144),(361,156),(292,156)
"官方"bounds: (305,170),(326,170),(326,181),(305,181)
"授权"bounds: (328,171),(353,170),(353,181),(328,182)
"L'OREAL"bounds: (187,168),(240,168),(240,177),(187,177)
"适"bounds: (269,208),(283,208),(283,222),(269,222)
"干枯"bounds: (286,208),(317,208),(317,222),(286,222)
"黯"bounds: (320,208),(334,208),(334,222),(320,222)
"哑"bounds: (337,208),(352,208),(352,222),(337,222)
"发"bounds: (354,208),(368,208),(368,222),(354,222)
"质"bounds: (371,208),(385,208),(385,222),(371,222)
"小"bounds: (285,236),(313,236),(313,262),(285,262)
"粉"bounds: (315,235),(343,235),(343,261),(315,261)
"瓶"bounds: (345,236),(373,236),(373,261),(345,261)
"巴黎欧莱"bounds: (196,282),(225,282),(225,290),(196,290)
"限量"bounds: (10,338),(54,338),(54,358),(10,358)
"秒杀"bounds: (57,338),(102,338),(102,358),(57,358)
"609"bounds: (12,367),(119,367),(119,423),(12,423)
"Ole"bounds: (65,375),(116,375),(116,417),(65,417)
")"bounds: (116,375),(130,375),(130,418),(116,418)
"击退"bounds: (135,385),(198,385),(198,414),(135,414)
"黯"bounds: (201,385),(233,385),(233,413),(201,413)
"哑"bounds: (235,386),(268,386),(268,413),(235,413)
"清香"bounds: (288,385),(352,385),(352,414),(288,414)
"顺"bounds: (355,385),(388,385),(388,413),(355,413)
"亮"bounds: (389,385),(420,385),(420,414),(389,414)