
"L'ORÉAL"bounds: (27,4),(105,4),(105,19),(27,19)
"欧莱雅"bounds: (146,9),(198,11),(197,27),(145,25)
"授权"bounds: (200,10),(237,11),(236,26),(200,25)
"专卖店"bounds: (240,9),(295,11),(294,26),(240,24)
"PARIS"bounds: (55,21),(79,21),(79,26),(55,26)
"巴黎"bounds: (42,29),(60,29),(60,37),(42,37)
"欧莱雅"bounds: (62,29),(92,29),(92,37),(62,37)
"ORE"bounds: (63,146),(86,146),(86,154),(63,154)
"L'OREA"bounds: (186,168),(231,168),(231,177),(186,177)
"OREAL"bounds: (129,190),(167,190),(167,198),(129,198)
"ANT"bounds: (54,225),(65,225),(65,230),(54,230)
"OX"bounds: (70,225),(78,225),(78,230),(70,230)
"HYDRATION"bounds: (125,255),(149,255),(149,260),(125,260)
"ANTI-OX"bounds: (319,326),(349,326),(349,331),(319,331)
"抢购"bounds: (22,342),(66,344),(65,365),(21,363)
"价"bounds: (69,343),(90,344),(89,365),(68,364)
"·"bounds: (95,358),(98,358),(98,362),(95,362)
"实"bounds: (127,358),(146,358),(146,370),(127,370)
"付"bounds: (148,358),(160,358),(160,370),(148,370)
"满"bounds: (163,358),(174,358),(174,370),(163,370)
"350"bounds: (176,359),(199,359),(199,369),(176,369)
"送"bounds: (200,358),(213,358),(213,370),(200,370)
"精美"bounds: (215,358),(240,358),(240,370),(215,370)
"礼包"bounds: (243,358),(269,358),(269,370),(243,370)
"满"bounds: (136,388),(161,388),(161,414),(136,414)
"199"bounds: (164,390),(211,390),(211,412),(164,412)
"减"bounds: (212,388),(239,388),(239,413),(212,413)
"10"bounds: (241,390),(272,390),(272,412),(241,412)
"满"bounds: (286,388),(312,388),(312,414),(286,414)
"299"bounds: (313,390),(361,390),(361,412),(313,412)
"减"bounds: (362,388),(389,388),(389,413),(362,413)
"20"bounds: (390,390),(422,390),(422,412),(390,412)