
"L'OREAL"bounds: (14,4),(110,4),(110,19),(14,19)
"欧莱雅"bounds: (143,11),(197,11),(197,26),(143,26)
"授权"bounds: (200,11),(237,11),(237,26),(200,26)
"专卖店"bounds: (240,10),(294,10),(294,26),(240,26)
"!"bounds: (304,8),(307,8),(307,31),(304,31)
"PARIS"bounds: (55,19),(79,20),(79,25),(55,24)
"巴黎"bounds: (43,29),(61,29),(61,38),(43,38)
"欧莱雅"bounds: (63,30),(93,30),(93,38),(63,38)
"しっ"bounds: (27,86),(52,86),(52,99),(27,99)
"REAL"bounds: (54,86),(100,86),(100,99),(54,99)
"LOREAL"bounds: (112,149),(158,149),(158,158),(112,158)
"REVITALIFT"bounds: (31,161),(74,161),(74,168),(31,168)
"LOREAL"bounds: (188,164),(231,164),(231,171),(188,171)
"指定"bounds: (286,187),(324,187),(324,205),(286,205)
"套装"bounds: (325,187),(363,187),(363,205),(325,205)
"送"bounds: (365,187),(383,187),(383,205),(365,205)
"欧莱雅"bounds: (32,193),(53,193),(53,199),(32,199)
"复"bounds: (55,193),(60,193),(60,200),(55,200)
"颜"bounds: (62,193),(68,193),(68,199),(62,199)
"洁面乳"bounds: (32,201),(54,202),(54,209),(32,208)
"sssase1s,"bounds: (32,210),(65,209),(65,217),(32,218)
"E"bounds: (68,209),(70,209),(70,217),(68,217)
"REVITALI"bounds: (100,209),(149,208),(149,216),(100,217)
"REVITALIFT"bounds: (170,220),(225,220),(225,228),(170,228)
"LOREA"bounds: (259,227),(288,227),(288,233),(259,233)
"REVITALIFT"bounds: (159,309),(217,309),(217,317),(159,317)
"ITALIFT"bounds: (373,338),(397,338),(397,343),(373,343)
"抢购"bounds: (22,342),(67,344),(66,366),(21,364)
"你"bounds: (68,343),(101,344),(100,365),(67,364)
"*"bounds: (127,358),(133,358),(133,363),(127,363)
"实"bounds: (134,358),(147,358),(147,370),(134,370)
"付"bounds: (148,357),(161,357),(161,370),(148,370)
"满"bounds: (162,358),(175,358),(175,370),(162,370)
"350"bounds: (176,358),(200,359),(200,370),(176,369)
"送"bounds: (200,358),(214,358),(214,370),(200,370)
"精美"bounds: (214,358),(241,359),(241,371),(214,370)
"礼包"bounds: (242,358),(270,359),(270,371),(242,370)
"164"bounds: (7,369),(112,374),(110,418),(5,413)
"起"bounds: (111,404),(121,404),(121,414),(111,414)
"价"bounds: (67,345),(88,344),(89,364),(68,365)
":"bounds: (93,348),(98,348),(99,363),(94,363)
"满"bounds: (135,388),(161,388),(161,413),(135,413)
"199"bounds: (164,390),(211,390),(211,412),(164,412)
"减"bounds: (212,388),(239,388),(239,413),(212,413)
"10"bounds: (240,390),(271,390),(271,411),(240,411)
"满"bounds: (285,388),(311,388),(311,414),(285,414)
"299"bounds: (313,390),(361,390),(361,412),(313,412)
"减"bounds: (362,388),(389,388),(389,413),(362,413)
"20"bounds: (390,390),(422,390),(422,411),(390,411)